evo_traj kitti /home/wangdongzhihan/codes/TSformer-VO/checkpoints/Exp6/checkpoint_best/pred_poses/01.txt --ref=/home/wangdongzhihan/datasets/KiC4R/dataset/poses/01.txt -p --plot_mode=xy


evo_ape kitti /home/wangdongzhihan/datasets/KiC4R/dataset/poses/00.txt /home/wangdongzhihan/codes/BrightVO/checkpoints/Exp7/checkpoint_best/pred_poses/00.txt -vas --plot --plot_mode xy --save_results results/KiC4R_00.zip


evo_ape kitti /home/wangdongzhihan/datasets/KiC4R/dataset/poses/00.txt /home/wangdongzhihan/codes/DPVO/saved_trajectories/KITTI_00.txt -va --plot --plot_mode xy --save_results results/KiC4R_00.zip

00:
-0.0028607010142688914 0.9999959076414849 3.301499126915624e-05 -317.8171461880734 -0.9999734453682753 -0.002860858041380857 0.006702540530868894 60.001205535398164 0.0067026075528733384 -1.3840150073386694e-05 0.999977537177932 -0.0421689999999999
-0.0028488501967350263 0.9999959415085189 3.192252562103362e-05 -317.8171461880734 -0.9999733576080962 -0.0028490003996362117 0.006720659990914818 60.22384451498583 0.006720723662461747 -1.2775521591288566e-05 0.999977415600092 -0.043231999999999715

mean=[0.0900, 0.0756, 0.0559],
std=[0.1123, 0.1047, 0.0828]

01:
0.0004310264984561076 0.9999999071080744 1.5263825244463897e-08 0.0 -0.9999999064810438 0.0004310264987263745 -3.541272722600659e-05 7.0131279205310975 -3.541273051556332e-05 0.0 0.9999999993729692 -0.002745999999999915
0.0004310264984561076 0.9999999071080744 1.5263825244463897e-08 0.0 -0.9999999064810438 0.0004310264987263745 -3.541272722600659e-05 7.235766900409388 -3.541273051556332e-05 0.0 0.9999999993729692 -0.002745999999999915

均值（Mean）：tensor([0.1484, 0.1107, 0.0810])
标准差（Std）：tensor([0.1561, 0.1331, 0.1059])

02:
-0.0016912399262253442 -0.9999972838571447 -0.0016037412026391083 196.25626226136433 0.9999981169257653 -0.0016897105996970363 -0.000954475255005128 313.25304715360636 0.0009517628040047135 -0.0016053524293352297 0.9999982584940549 -10.164069000000001
-0.002861968259581529 -0.9999947757977847 -0.0015025028516970896 196.25626226136433 0.9999954546836317 -0.0028605385286917108 -0.0009528543448311997 313.0304081723655 0.0009485513996306719 -0.0015052230612371958 0.9999984172756365 -10.164066

均值（Mean）：tensor([0.1036, 0.0954, 0.0688])
标准差（Std）：tensor([0.1220, 0.1144, 0.0972])