-0.11548011439438449 -0.992458514218713 0.041114969709882085 0.0 0.9932428979348764 -0.11489300741104508 0.01637505877773291 0.0 -0.011527743985210519 0.04272814532401531 0.9990202283816787 0.0
-0.373608206235797 -0.8831687937030582 -0.28360146343479153 0.15176118910312653 0.9259522606159748 -0.3369496431899301 -0.17052081695307764 0.09180814027786255 0.05503925229721457 -0.3263093927291459 0.9436592928188117 1.3486618995666504
-0.31607288897273816 -0.9482093406010118 -0.03157491493926225 0.2432643473148346 0.9470367182122857 -0.3133419595342523 -0.07027283083054818 1.304126262664795 0.056739608864804766 -0.052113940478814846 0.9970279604873875 1.3128001689910889
-0.46168631462103804 -0.8725449696842654 0.15972170413042847 0.10554873943328857 0.8870378238972835 -0.4547679341416534 0.07968704444327579 2.7669742107391357 0.0031057796469925597 0.17846961073307993 0.983940522682935 1.3880200386047363
-0.13158839142683115 -0.9913038984177318 -0.0010374119266967682 -0.03639721870422363 0.9908131271324128 -0.13149015667202474 -0.03161780828038405 4.005939483642578 0.031206447150994368 -0.005188417887272565 0.9994994937347585 1.3357735872268677
-0.09833770444341627 -0.9859702066460961 -0.13487938126731566 -0.41117608547210693 0.9949727027494587 -0.0948320053844175 -0.03219023979729389 5.3937225341796875 0.018947735174336254 -0.13736681681186474 0.9903390030543778 1.2892436981201172
-0.5893124299593897 -0.7894408944939096 -0.1717379806449794 -0.6446206569671631 0.8057047700101404 -0.5585971472029985 -0.1970001287298524 6.699079513549805 0.059587611785220755 -0.254464734761671 0.9652445365213969 1.375264286994934
-0.261279504190072 -0.9469251216697091 -0.18725873715529928 -0.7225674390792847 0.9644889853565165 -0.24834179125269756 -0.08992970501096598 7.909762859344482 0.0386525266463649 -0.2041057781352818 0.9781854698959926 1.330101728439331
-0.043104792364038136 -0.9724267299766793 0.22919038309256287 -0.7488469481468201 0.9989795600558684 -0.045047558084416905 -0.003249015422418053 9.25493049621582 0.013483896537617751 0.22881645993567346 0.9733761925364055 1.349064826965332
0.5657186288086862 -0.7749772572705579 0.2817315809990485 -1.0725045204162598 0.8236776443687467 0.514941459904865 -0.23746669458725927 10.463347434997559 0.038956016043383654 0.3663953378312144 0.9296434183220885 1.3599005937576294
0.8854375108663898 -0.44245911450681824 0.1422334220237081 -1.4902234077453613 0.4640658201716112 0.8583993579950602 -0.21861714649614808 11.798113822937012 -0.025363929095898456 0.25957749167350924 0.9653891427384645 1.4008501768112183
0.6522849335845161 -0.7579598095044172 -0.004614389956481867 -1.4160499572753906 0.7578562857767465 0.6522788926474948 -0.013641712327705918 13.026433944702148 0.013349738848279755 0.0054012389861118615 0.9998963001682211 1.3285144567489624
0.3104932460702346 -0.9231492050191467 -0.22669249969349736 -1.381542682647705 0.9505746429760101 0.3018703399299995 0.07267837368555731 14.346717834472656 0.0013387590521506537 -0.23805428612621976 0.9712509277118536 1.3610835075378418
-0.74198484317735 -0.4778070190949011 -0.47027539272082686 -1.7465457916259766 0.669166086191048 -0.4850019552212489 -0.563018518810279 15.934138298034668 0.04092971520592423 -0.7324435513643426 0.6795963526078929 1.3682193756103516
-0.9821069345624657 -0.18604934473729326 -0.029182364659851603 -1.7576513290405273 0.16914071520846094 -0.8032736509115331 -0.5710891876143573 17.356630325317383 0.0828093445396536 -0.5658065774397467 0.8203691421444573 1.3538000583648682
-0.8273720556216494 -0.3626393071034006 0.4288918447813759 -1.7971391677856445 0.5562360929675014 -0.6348620277916451 0.5362383933928357 18.76340103149414 0.07782602685898507 0.6822337858914979 0.7269801723097394 1.3544615507125854
-0.26427116288989205 -0.8487518593135478 0.458018595448503 -1.6933929920196533 0.9638605368248024 -0.21584806235437315 0.15614890178821672 19.88378143310547 -0.03366924437268662 0.48273170114428776 0.8751208411949256 1.3703052997589111
0.6210976465476215 -0.689688092269246 0.37224729526890343 -1.6922340393066406 0.7832735705081603 0.5625117730175098 -0.2646941989543705 21.17400360107422 -0.026837048951107362 0.45597241210264683 0.8895891929451988 1.3544206619262695
0.7606092690836597 -0.6093773463786298 -0.22390352722670637 -2.1764583587646484 0.6474217736556884 0.6863951605814604 0.3312200635934872 22.33821678161621 -0.04815170589442974 -0.39688906920056455 0.916602683810475 1.3748953342437744
0.22993968918985733 0.3399552017684078 -0.9118981303445429 -2.4358770847320557 0.9731571523647502 -0.0895972330390071 0.21198465188094284 23.771955490112305 -0.00963826419032321 -0.9361638727393592 -0.3514317960017883 1.399397611618042
-0.7941765414314883 -0.6060341231440496 0.044791323098813944 -2.3724288940429688 0.605727798512276 -0.7953767757441375 -0.021670687952430896 25.49651527404785 0.04875915451882832 0.00992099752459404 0.9987612921307704 1.389237403869629
-0.9890364989269325 -0.029006222883574337 0.14479448478579665 -2.292997360229492 0.09575469708418623 -0.8724139633396979 0.47929627012552045 26.864154815673828 0.11241815590317976 0.48790625698380685 0.8656267340022371 1.3622372150421143
-0.2977850540619724 -0.6012590903577878 0.7414927968897835 -2.5232129096984863 0.9538801314781494 -0.21824767647609655 0.2061083367649491 28.171958923339844 0.03790456896650757 0.768671228793501 0.6385199963012533 1.370837688446045
-0.19043114117690624 -0.71632771698967 0.6712753401864457 -2.6606194972991943 0.9815316938480017 -0.15161216019925777 0.116658848149583 29.452606201171875 0.018207538052523287 0.6810934992731041 0.7319700340901834 1.4055410623550415
0.45988311825371736 -0.8595274394923701 0.22298004014917422 -2.9497323036193848 0.8877921188418384 0.4502117895418761 -0.09557456921074933 30.7895450592041 -0.01823927815337742 0.24191305321786874 0.9701264883587357 1.428426742553711
0.2177937127793757 -0.8803489931782682 0.42136866148751984 -3.134690523147583 0.9759265835009856 0.19133124280948083 -0.10468839066999364 32.091617584228516 0.01154132964040755 0.4340253514888142 0.9008267269431689 1.4103522300720215
0.1819798040795892 -0.9673120492089463 0.17660903250497545 -3.2386691570281982 0.982602077727763 0.17211616183400597 -0.06977953625966163 33.394371032714844 0.03710131739220969 0.18623486862217672 0.981804494773294 1.4310731887817383
-0.03393393988482529 -0.8081954550428265 -0.5879358759014557 -3.404634952545166 0.9982245738652509 0.0014050271562485728 -0.05954599927978965 34.86777877807617 0.04895087185568375 -0.5889126695417658 0.8067128856029011 1.463392972946167
0.1458872556542099 -0.8988795955251583 -0.4131977509452477 -3.729356288909912 0.9882407813234546 0.15174449426276582 0.01880868390253207 36.253456115722656 0.045793741569030294 -0.4110828155122337 0.9104470616261242 1.4675488471984863
0.6572833008626493 -0.7505549016928574 0.06816158707017493 -3.852137565612793 0.7534620527778366 0.6524468363261456 -0.08128997965193514 37.716243743896484 0.016540780843367815 0.10478771546717079 0.9943570471698095 1.4651298522949219
0.6080013213625817 -0.792990890896938 0.0387277700860153 -4.236539840698242 0.7938601238230633 0.6065450587546592 -0.043464876669989445 39.0629768371582 0.010977113691001378 0.057171134804090466 0.9983040440267821 1.5001239776611328
0.48918696957195257 -0.8623237855527124 -0.13074325095793604 -4.033965110778809 0.8719177141428942 0.4871831859858747 0.049112554978166294 40.334224700927734 0.02134498922089996 -0.13802257845255939 0.990199050329007 1.4911770820617676
0.1402287392373922 -0.9900619682744091 -0.010639533283672203 -4.256321907043457 0.9894570746182717 0.1405197823442158 -0.035055502532214185 41.827545166015625 0.036202184737158166 -0.005611572554740429 0.9993287307356471 1.5347132682800293
-0.39960532462085435 -0.8948950295843795 0.1986918985762484 -4.485368728637695 0.9143521990148297 -0.40457287804492265 0.01675835633925775 43.32237243652344 0.06538838345919704 0.18837110281468528 0.9799187144518531 1.475427508354187
-0.33275373378267764 -0.9107453254180016 0.2445769917284653 -4.8080949783325195 0.9405202907347063 -0.33936581809452276 0.015887864089908638 44.79854965209961 0.0685312729342671 0.2353163694652248 0.9694997013365787 1.4812806844711304
-0.19899816532210812 -0.9769025268694906 -0.07785360103706776 -4.939016342163086 0.978960430569036 -0.1945008753477998 -0.06169185415455541 46.12763214111328 0.045124334660161206 -0.08849216058467341 0.9950542356758921 1.5194132328033447
-0.030824241845952893 -0.9824722117387659 -0.1838429201132311 -5.005007743835449 0.9975216132411391 -0.01859860701851057 -0.06785810882839621 47.55009460449219 0.06324948404072289 -0.18547896101204764 0.98061055357898 1.510589361190796
0.044242928370478385 -0.9982308326648097 -0.03972112796139759 -5.120232582092285 0.9943685881017779 0.04783472068199768 -0.09456717450443534 48.8764762878418 0.09629991840952817 -0.035313513200986704 0.9947257317973242 1.4699246883392334
-0.1375291772867796 -0.9761532147597919 0.16796019382265914 -5.348095417022705 0.9858787652052544 -0.15126250247235296 -0.07185204007656558 50.275550842285156 0.09554467914114573 0.1557066365314116 0.9831717335378852 1.5092440843582153
-0.16396985283118476 -0.9724459941924839 -0.1657186644331618 -5.5981950759887695 0.9837499502299174 -0.14873853972765766 -0.10056282723908913 51.81540298461914 0.07314316635991683 -0.1795149998709726 0.981032334857608 1.490621566772461
-0.46508301582495487 -0.8735201367813916 -0.14373711778306902 -5.583565711975098 0.880778896961246 -0.4402561703749602 -0.1743646727823756 53.204689025878906 0.08902989980279478 -0.2076946679243189 0.9741337700012824 1.468557357788086
-0.4910037363166228 -0.8633649654462104 0.11625948289572088 -5.785175323486328 0.8667421865597728 -0.4975646162867859 -0.03445917377082616 54.782928466796875 0.08759744836866379 0.0838474153414862 0.9926209236057095 1.4641183614730835
-0.6416366553955067 -0.7411642692265037 0.19742828691656883 -5.937019348144531 0.7624986391732822 -0.6442434525421749 0.05954997158212462 56.19767761230469 0.08305557002249292 0.1887482447030479 0.9785069608386838 1.4506679773330688
-0.5216802404154435 -0.8530766832457017 0.010483284914452436 -6.184175491333008 0.8508959329015324 -0.5211589620851143 -0.06610179732803918 57.55184555053711 0.06185335990644182 -0.025563817024828836 0.997757812862122 1.476729154586792
-0.39901259236022985 -0.9092478166138244 -0.11856373442567458 -6.302670478820801 0.9167764952055161 -0.3931079769504588 -0.07061852658196452 59.065372467041016 0.017601391327368147 -0.13687412626537704 0.990432059548978 1.4289252758026123
-0.38103228340592915 -0.9193725625748038 -0.09781865970816853 -6.383050918579102 0.9241234727313742 -0.3754568842767631 -0.07090793464832103 60.41804122924805 0.028464120386355714 -0.1174147317580894 0.992674959197021 1.4020495414733887
-0.5705449681018697 -0.7985224082100923 0.19193853953802892 -6.370368957519531 0.8203364786412028 -0.5652347284648089 0.0869353987042413 61.89671325683594 0.039070464345694444 0.20705473992079657 0.9775488905891836 1.3843929767608643
-0.48763007625906674 -0.8276232486080274 0.27795083574451057 -6.675952911376953 0.8723764731247169 -0.4744069279299331 0.1178870470856031 63.307010650634766 0.034295741223316356 0.29996303954917247 0.9533341371409946 1.3833940029144287
-0.14497519352004073 -0.9642733639694422 0.2217184539069364 -6.839982509613037 0.9893887597664196 -0.14345493874918125 0.02303394443716529 64.5746841430664 0.009595588136872127 0.22270509668061977 0.9748386351600881 1.3803497552871704
0.28107943635380184 -0.9595585990039893 0.015544952123754039 -7.111619472503662 0.9595836703139077 0.2812478350113726 0.009941577757330138 65.97100067138672 -0.013911510554874194 0.012122309141268028 0.9998297452542432 1.364283561706543
0.5009137480592474 -0.8186515101859188 -0.2808827546780893 -6.990141868591309 0.8646478610670255 0.45896245154577975 0.2042976858001719 67.15055847167969 -0.03833397132381135 -0.3452001925570185 0.937745879063802 1.3264565467834473
0.6383972636140509 -0.7358131566278825 -0.2258936305950291 -7.264049530029297 0.7674017828510702 0.5857609354129971 0.2607271183078006 68.65125274658203 -0.05952677957937186 -0.33979865373100315 0.9386125065411748 1.3271644115447998
0.636103574728188 -0.7664835185945454 -0.08874265006717802 -7.400716781616211 0.7707856106586436 0.625917979232985 0.11881172364071947 69.96691131591797 -0.03552160778459343 -0.14397811985097533 0.988943131016428 1.3251439332962036
0.6903262536899328 -0.7218795502577227 0.04836918839644298 -7.673063278198242 0.7234069667439513 0.6897566837206366 -0.030299797507996558 71.45527648925781 -0.011490166784616587 0.05590735356299637 0.9983698432368858 1.3133100271224976
0.5183132746685566 -0.8447567135883373 0.13318199634255903 -7.896169662475586 0.855171034223079 0.5130370466412453 -0.0739965607272266 72.8138198852539 -0.00581820661259988 0.15224678525690005 0.9883253840971366 1.3255897760391235
0.3452735819445782 -0.935583819376655 0.07395316444718023 -7.745147705078125 0.9384529828687951 0.3449879607813742 -0.01700899352020881 74.06949615478516 -0.009599612274572587 0.0752743238860374 0.9971166549645423 1.2876825332641602
-0.0076803210996304605 -0.9976648524913915 -0.06786644805157385 -8.036371231079102 0.9999169526727579 -0.006959815256634028 -0.010846599892103997 75.59933471679688 0.010348933540826166 -0.06794411729446433 0.9976354527078736 1.2718137502670288
-0.37943934820035546 -0.9251763682166668 0.008629526679237297 -8.319558143615723 0.9248145639434274 -0.37953290128075307 -0.025938372415058926 77.0794448852539 0.02727275848566619 -0.0018613271696510288 0.9996262962256195 1.2519853115081787
-0.35579060373154436 -0.882113212901404 0.30868969195796814 -8.548287391662598 0.9338570964276778 -0.34842725089724724 0.08068069337737194 78.57364654541016 0.036386395095006324 0.31697749203523723 0.947734825673849 1.2242488861083984
-0.27215134087998716 -0.9564714823831352 0.10533732028598802 -8.588459968566895 0.9613354742903791 -0.2750405493903716 -0.013667555082536989 79.81543731689453 0.042044661113114994 0.09754485931534436 0.9943426204749714 1.2261987924575806
-0.2210781468648091 -0.9720908863854021 0.07850962734126953 -8.755931854248047 0.9744090550177373 -0.22352366679391533 -0.02375213427132111 81.0977783203125 0.04063799303929801 0.07124941395861335 0.9966303600293802 1.2027781009674072
-0.2234243459672408 -0.9515196856998202 0.21140446862549106 -8.914478302001953 0.9735068499134244 -0.22865763142555806 -0.0003174310874923675 82.43596649169922 0.04864128699728555 0.2057327764761105 0.9773986136079172 1.186476230621338
-0.10593124982117202 -0.9941719405413078 -0.02001806563218472 -9.092639923095703 0.9935421772203376 -0.10499825184833972 -0.04300359511789358 83.59324645996094 0.04065110571184426 -0.024444217089582547 0.9988743503841118 1.1936858892440796
-0.20127685390143318 -0.9713901730229209 -0.1260506241080969 -9.128663063049316 0.9781409997725199 -0.19245802236701165 -0.07874067684871651 84.91388702392578 0.052228465874044755 -0.13914395919722308 0.9888939002599648 1.1608574390411377
-0.48186836120155324 -0.8637036556718178 -0.1477121445652572 -9.486557006835938 0.8731866100502814 -0.4592462513277275 -0.16321159477907043 86.47775268554688 0.07313020239153678 -0.2076267704814767 0.9754707056993588 1.1577396392822266
-0.46636737713843746 -0.8844941925372892 -0.01309553010849996 -9.573905944824219 0.8813387062237849 -0.46333342065655503 -0.09254310462957403 87.76270294189453 0.07578624184374677 -0.05470068254148243 0.9956225594454439 1.1184825897216797
-0.43823436023343587 -0.8976392540053308 0.04684458538128563 -9.788070678710938 0.8974125386501655 -0.4398908923893686 -0.03386352412774477 89.19329071044922 0.05100373500300404 0.02719875845766221 0.9983280255277347 1.1194632053375244
-0.3356982709901683 -0.926592317193989 0.16950914008184198 -9.924182891845703 0.9408090718244978 -0.33874110348547076 0.011521943506732649 90.39691925048828 0.04674356882971476 0.1633436332598231 0.9854612606523618 1.0743293762207031
-0.30540238153325844 -0.9243686812661098 0.22863054574611688 -10.121851921081543 0.9515616754866199 -0.305212189540442 0.03709308697083902 91.79988098144531 0.03549314157567493 0.22888438227690977 0.9728063406715679 1.0453133583068848
0.03479323794168432 -0.9877871086224279 0.15187514158965373 -10.166523933410645 0.9993594987530399 0.0331155016365281 -0.013563030761380726 92.87255859375 0.008367965440081199 0.1522497671285744 0.9883066252756221 1.0481951236724854
-0.1419487382136952 -0.9564897186585614 0.2549077751266254 -10.40914249420166 0.989772162669147 -0.14084124881206445 0.022689394842038718 94.40908813476562 0.014199356491744183 0.2555213508369203 0.966699134964802 1.0204983949661255
0.021576612198180245 -0.9688720443741826 0.24661997371713648 -10.591911315917969 0.9997302467431656 0.018788248694779297 -0.01365413702261263 95.72171020507812 0.008595554251966425 0.2468480571954636 0.9690160747407273 1.0230112075805664
0.15806873266704197 -0.9873270528099075 -0.01412680228280173 -10.762557983398438 0.9874215104474345 0.1579991850365236 0.005917620594573392 96.93802642822266 -0.0036106036534325854 -0.014884499235664955 0.9998827007323217 1.007082462310791
-0.010779018177299426 -0.9218879383349549 -0.38730665101397327 -11.170682907104492 0.9999412470559631 -0.010381841478397602 -0.0031176599690354023 98.58990478515625 -0.0011468231330726275 -0.38731750092145806 0.9219456807625153 0.9832412600517273
0.13024627589241122 -0.8864864349837787 -0.44404696621631 -11.000596046447754 0.9914402956175261 0.11235708685743773 0.06649831019464078 99.64442443847656 -0.009058026384944878 -0.44890721270955436 0.8935324652945458 0.9137698411941528
-0.1922475718054143 -0.8781173755267752 0.43812183914168323 -11.231983184814453 0.9809000241432843 -0.18541152561782603 0.058802285701960694 101.19369506835938 0.02959752980616595 0.44105831923458727 0.8969902704396154 0.8998849391937256
-0.19390873354038507 -0.8173464515639633 0.5425349584796925 -11.481121063232422 0.9801116333713579 -0.18519531307464998 0.07130134742984265 102.51698303222656 0.04219702817607762 0.5455707782964371 0.8370017542885602 0.9508512020111084
-0.19403755899534175 -0.8924303025213753 0.40732981825633185 -11.960771560668945 0.9804590565331996 -0.1901355282327199 0.05048286209886513 103.96102142333984 0.032395434264070405 0.40916578063820497 0.9118848062083122 0.9089062213897705
-0.37897610772784973 -0.912732248683291 -0.15263339079307672 -11.858148574829102 0.9250872441367302 -0.3693249835663013 -0.08838918061200113 105.2484359741211 0.024304331032943438 -0.17469659048560204 0.9843223053277553 0.8971972465515137
-0.4434325832770766 -0.7825402894184008 -0.4370334535538264 -11.961999893188477 0.8960511790064043 -0.3753719504217966 -0.237040467932734 106.51251220703125 0.02144361651988133 -0.49671580835876594 0.8676483026186628 0.9985244274139404
-0.3237604569825215 -0.9392853211565393 -0.11367608347548783 -11.81501293182373 0.9461235292614005 -0.3220988177964597 -0.033205706619120735 107.65015411376953 -0.005425299293215655 -0.11830231203987618 0.9929628034793645 0.910530686378479
-0.1708251024371863 -0.9152908019199627 0.36477600290868495 -12.04697036743164 0.9852837004319307 -0.16090128151087502 0.05767848187426661 108.9722900390625 0.005900342404198566 0.3692607825492307 0.9293070861833796 0.9083787202835083
0.21776547986445727 -0.7265950701354622 0.6516423864622719 -12.306648254394531 0.9756227334980057 0.14346520711369448 -0.16606630070457912 110.25951385498047 0.027174945469708445 0.6719206340057335 0.7401244381427025 0.9504227638244629
0.20318717534995562 -0.7804068745873587 0.5913375363276854 -12.894689559936523 0.9791375728630558 0.16062574645396482 -0.12445474271376797 111.9754638671875 0.0021413036099425242 0.604288407693625 0.796762784739569 0.9395945072174072
0.31597140855286804 -0.9430955522598652 0.10359946083246006 -13.14696216583252 0.9480855481488395 0.3179989149705092 0.0032378185392869727 113.19992065429688 -0.03599808839967815 0.09719809352677003 0.9946138287025423 0.9016563892364502
0.1584967639167673 -0.9138451557901754 -0.3738526542192019 -13.363332748413086 0.9867116052863638 0.1328849732542065 0.09349755010927072 114.56687927246094 -0.03576288328867347 -0.3837038117116619 0.9227634588868494 0.8490195274353027
-0.055272747627443886 -0.7921011147041126 -0.6078821822147902 -13.516444206237793 0.9977432493797731 -0.0670617212955193 -0.003336743018863386 115.95284271240234 -0.038122587619477455 -0.6066947746778313 0.7940202256188509 0.858086109161377
-0.2327326639589738 -0.9612457035954803 -0.1477910837831194 -13.675689697265625 0.9724588451246728 -0.23198250797821124 -0.022536870477655443 117.41693878173828 -0.01262147635369186 -0.14896581255901914 0.9887617938731674 0.8968509435653687
-0.026893351672096943 -0.9706497119717324 0.23898929742780123 -13.414193153381348 0.9995633720691345 -0.023184211681376854 0.01831822989523113 118.46095275878906 -0.012239806110488416 0.23937758662394903 0.9708494003543864 0.9185959100723267
0.1526557261784353 -0.9733893614227936 0.1709075198282996 -12.871740341186523 0.9880026421578066 0.15440619847855525 -0.003083011611075062 119.39785766601562 -0.023388209724722622 0.16932772053130296 0.9852822512892159 0.9738136529922485
0.17376635244643407 -0.971923543765087 0.1586501806887638 -13.355222702026367 0.9845410022720231 0.17505375538203088 -0.005932754153757505 120.94522857666016 -0.022006126480198826 0.1572285209552129 0.9873170324650408 0.9736752510070801
-0.0018601488685681122 -0.9473950368956593 0.32006121900608125 -13.455347061157227 0.9999964739920709 -0.0011557079474585619 0.0023908874012342485 122.22686004638672 -0.0018952175632270807 0.32006453787417954 0.9473938461620783 0.9791805744171143
0.0467325987995707 -0.9804040828813707 0.1913737141798125 -13.93878173828125 0.9988654142076712 0.047622282950655626 4.966190921941449e-05 123.70571899414062 -0.009162341904551341 0.19115426345259973 0.981517243381245 0.9526212215423584
-0.19161800649874372 -0.9729298608586042 0.12918988131856085 -13.361138343811035 0.9814695727854091 -0.1899331147933926 0.025355267723017938 124.8154067993164 -0.0001314605391655177 0.1316544634812523 0.9912956597118691 0.9313936233520508
-0.14495913501916774 -0.9692671737047063 -0.19876618211603622 -13.944306373596191 0.9894049836045158 -0.14363154581933918 -0.021160280340648055 126.22982025146484 -0.008039128873355367 -0.19972762709259245 0.9798184767511378 0.9577853083610535
-0.21259494117397332 -0.8874647958158032 -0.40891273784861404 -13.964468955993652 0.9770286839468431 -0.19939054688268748 -0.07522207494427743 127.62335205078125 -0.014776391045667941 -0.4155113067070947 0.9094679830902395 0.9525628685951233
-0.20784364234192493 -0.9778245145850784 0.025695116549607523 -14.474266052246094 0.9781237429899245 -0.20799629636045686 -0.0033888198112256903 129.052001953125 0.008658160163796705 0.024428658923258843 0.9996640820224507 0.9244540929794312
-0.33181983981579566 -0.9427920794011423 -0.03222869719814588 -14.5386381149292 0.9431324062377427 -0.3308307032367148 -0.03243932952614831 130.4931182861328 0.019921300379870492 -0.041159941865493266 0.9989539533816382 0.9599082469940186
-0.2911974251221794 -0.9515836908358829 -0.09845069292479086 -14.251299858093262 0.956441459197133 -0.2873697606621324 -0.05136492758534424 131.66749572753906 0.02058627530836149 -0.10911965905439527 0.9938154281740552 0.9579753875732422
-0.287646192619671 -0.945509886160486 0.15254744522342042 -14.440808296203613 0.9570972560047988 -0.2896039833999558 0.009714697471523787 132.96888732910156 0.03499300529380509 0.14879713697401376 0.9882484007620982 0.9792072772979736
-0.27476809536242286 -0.9551384121940245 0.11051292830426716 -14.961780548095703 0.9605872762780763 -0.27772068409279804 -0.011971060090692778 134.42747497558594 0.04212574537706297 0.10286804741272156 0.9938025892489518 0.9480633735656738
-0.23529491919048978 -0.9523130490001979 -0.19425796690763447 -15.060464859008789 0.9716557034246349 -0.22578749448308727 -0.0700371425561291 135.73008728027344 0.02283626513943554 -0.20523124527955428 0.9784470557753673 0.9900226593017578
-0.21549706612682074 -0.9755388981824265 -0.0434151197597081 -15.379560470581055 0.9760646684832073 -0.21385277701499783 -0.03955695516265043 137.25721740722656 0.029304904529771365 -0.0509003722578796 0.9982736972767089 0.8328850269317627
-0.1687910565453744 -0.9810274043533231 0.09536671923725677 -15.326053619384766 0.9850673210449505 -0.17123120568692063 -0.01795124531412265 138.52310180664062 0.03394042191282502 0.09091262897301451 0.9952803331994431 0.8078479766845703
-0.12238416751476461 -0.9708993008430251 0.20585592817366935 -15.522459030151367 0.991959043329647 -0.1263970643132069 -0.006406129060076635 139.9050750732422 0.0322392912181608 0.20341664080287997 0.9785613411259524 0.9220371246337891
-0.12819215878550605 -0.9572199996722853 0.25941596453052307 -15.787139892578125 0.9912252232547202 -0.13216649134814162 0.0021390063935226578 141.20126342773438 0.03223859813238639 0.257413851204848 0.9657633157240685 0.9328746795654297
-0.29208944543458043 -0.7466963955563677 0.5976020822661581 -15.925182342529297 0.9550398386814465 -0.2609276772879266 0.14076808500666887 142.54150390625 0.05081990158428501 0.6118506681276539 0.7893390257137345 0.87294602394104
-0.5707802475602447 -0.760231907105309 0.31025369685805626 -16.07912826538086 0.8210674079042692 -0.5319549223604939 0.2070562055428553 144.13143920898438 0.007630247206349805 0.3729227909305971 0.9278310036488888 0.7866203784942627
-0.5719382530897648 -0.8201052151476516 0.017722041085957152 -16.056804656982422 0.7755680191699019 -0.5476623254951221 -0.31394302807061936 145.5825653076172 0.2671720088136159 -0.16581137874373764 0.9492764109497286 1.0692424774169922
-0.49004025921335465 -0.8668218690259747 0.09208904239063723 -16.516109466552734 0.8651097136006302 -0.49657974952818834 -0.07066636959939208 147.02207946777344 0.10698470817805869 0.04503775901216763 0.9932400880347199 1.0989322662353516
-0.41843715732575193 -0.672199821887451 0.6107845322399894 -16.490734100341797 0.9070033412134797 -0.3444276773641266 0.24231077997715436 148.12562561035156 0.04748983466730161 0.6553754454662091 0.7538088226355806 0.7985303401947021
-0.0692086629805993 -0.3061551827354358 0.9494625664304357 -16.830638885498047 0.9968772881976864 -0.057500315099477894 0.05412380288825919 149.31068420410156 0.038024113981317276 0.9502435045017106 0.30917866826196655 0.9388198852539062
0.2427844101396484 -0.8490921625990303 0.46914627740827786 -16.809635162353516 0.969881432539721 0.20266959747823993 -0.13511121741997065 150.53683471679688 0.01964018858976027 0.4878191608279753 0.8727237416967917 1.054140567779541
-0.07771735565653248 -0.9912568776511566 0.10662933526490609 -17.418481826782227 0.9969749814988924 -0.07716983180193537 0.009257609029546893 152.0409698486328 -0.0009481007535988226 0.10702625644644738 0.9942557425210176 0.9541046023368835
-0.33758178085329305 -0.7792878289579108 -0.5279668747885466 -17.676774978637695 0.9411442829917107 -0.26935801869086085 -0.204190343451772 153.80569458007812 0.01691093811525285 -0.5658239455917359 0.8243526446655353 1.1219124794006348
-0.5077255386769937 -0.8072931261181038 -0.3008198562223183 -17.820575714111328 0.850237530677344 -0.41321616878810313 -0.3261112375858497 155.34542846679688 0.1389637319693498 -0.4213433355050742 0.8961913159714332 1.0844182968139648
-0.4368795055750672 -0.8995061301276793 0.0050019467421572004 -17.85228729248047 0.898270661137495 -0.436558939611208 -0.050260437574152224 156.6105499267578 0.04739321626659736 -0.017464653110330068 0.9987236198987401 0.9717717170715332
-0.24464348266951397 -0.9686402481903847 0.043423910153290946 -17.946630477905273 0.9694443371619558 -0.24519102394140868 -0.007683679013325638 157.89907836914062 0.01808987374050814 0.04021730180200282 0.9990271893716502 0.9285027980804443
0.05803032560572635 -0.9982688262570508 -0.00958289275028478 -17.875961303710938 0.997841396592772 0.05770454782753803 0.03134856305806879 159.11167907714844 -0.0307413167557885 -0.01138137440687429 0.9994625734667262 0.9207241535186768
0.23170538105130672 -0.959153840544266 0.162285324540002 -18.108699798583984 0.9722366647966433 0.2339350418646024 -0.005501255575458344 160.34732055664062 -0.03268767377725951 0.15905441319558455 0.9867285389741396 0.9637854099273682
0.20348298811727195 -0.7864490817901547 0.5831745153024857 -18.13408660888672 0.9787798355968024 0.14868806857366812 -0.1410031619962083 161.82083129882812 0.024180714959714744 0.5994912009489839 0.8000159954705794 1.0522074699401855
0.15736586415243975 -0.930169378060981 0.33169400494613 -18.62163543701172 0.9875053024042348 0.1510490474945651 -0.04491617720270594 163.19534301757812 -0.008322410893252696 0.3346178616999279 0.9423171568576534 1.0075793266296387
0.08704956912395706 -0.9528008462264212 -0.2908486203260193 -18.735031127929688 0.9955990263456238 0.07303324520600524 0.058725836173912235 164.41529846191406 -0.034712407795759265 -0.294680661945936 0.9549651073312186 0.9481878280639648
0.04739407310521443 -0.9934141286774766 0.1043176436585283 -18.72412872314453 0.9988762679312829 0.04714082138603087 -0.0048932936476735675 165.77386474609375 -5.655236175163003e-05 0.10443233169387933 0.9945319928985743 0.9783241748809814
0.07861927343316932 -0.743510716399382 0.6640864585610204 -19.002185821533203 0.9963714568722871 0.0368187973867109 -0.07673523368826235 167.12046813964844 0.032602603807617314 0.6677096605248973 0.7437075227982366 1.0586833953857422
0.17641269044082253 -0.8165962075587955 0.5495900257937938 -19.453495025634766 0.9834118938212925 0.12228942165084777 -0.13396396695798496 168.60308837890625 0.042185420968024745 0.5641063119243513 0.8246238288485586 1.1432437896728516
0.2538072070519036 -0.9338619101405837 0.25195998578562573 -20.089799880981445 0.9663136476376538 0.23331791439228977 -0.10863095881398 170.6818389892578 0.04265953630461325 0.271043693179186 0.9616212769848964 1.0258121490478516
0.24202009742716818 -0.9630839309869492 -0.11787966031537983 -19.793426513671875 0.9691648524052174 0.23415319703752874 0.0767578607015413 171.78631591796875 -0.04632236289004497 -0.13282176851642027 0.9900568753887089 0.9720273017883301
0.17078070656568628 -0.8214625848565692 -0.5440893051197468 -19.97677993774414 0.9830700499750759 0.10485256434389673 0.15026382329925997 172.5307159423828 -0.06638694982394652 -0.5605400622892829 0.8254620593714771 0.8764581680297852
-0.07400275088435604 -0.8630322003350486 -0.499698923399273 -20.145103454589844 0.9970706869453319 -0.07374255600215618 -0.020299770162067465 174.32164001464844 -0.0193297205337232 -0.49973738765386905 0.8659612608454115 1.0342673063278198
-0.3286604977687356 -0.9292660458571859 -0.16866206812249598 -20.976734161376953 0.9438405209173405 -0.3167643575099225 -0.0939436686840011 175.5870361328125 0.033872529886182 -0.19006566714763756 0.9811868802072483 1.1354188919067383
-0.31258740230578147 -0.9289464044323065 0.19836253076630508 -20.858356475830078 0.9489008879405728 -0.3149002683760919 0.02061372946018468 177.0738525390625 0.04331536431009142 0.1946699737220794 0.979911924892094 1.029731273651123
-0.12069400124603585 -0.27355409640592143 0.9542542189598963 -20.491981506347656 0.9898227693863039 -0.10616933209118412 0.09475736450397737 178.07582092285156 0.07539126784747474 0.955979199178963 0.2835840747811813 0.9753971099853516
-0.0011635024741939448 -0.26416745441425116 0.9644761284190954 -20.826393127441406 0.9976850949467011 -0.0658847138876214 -0.016842084109114364 179.54837036132812 0.06799336425846836 0.9622238619491001 0.26363258886673024 1.0558271408081055
0.20942337974239428 -0.9655824037144404 0.15424807828403092 -20.950363159179688 0.9770674485488781 0.20043267438181117 -0.07187450192064251 180.60699462890625 0.03848439948158885 0.16576297740206786 0.9854144236408066 1.0644278526306152
0.18080883216660548 -0.9280590349158704 -0.3255988235875119 -21.197612762451172 0.9826522213358511 0.15657320805868324 0.09939538430898039 181.87939453125 -0.04126473208765433 -0.3379219706222662 0.9402690910885556 0.9120979309082031
0.037369924780960406 -0.685299800272963 -0.7273016378832802 -21.470199584960938 0.9986243868176187 -0.0011779638090863576 0.052420858962813566 183.67105102539062 -0.03678073918506902 -0.7282601157190342 0.6843130724148841 0.9571466445922852
-0.06926192225864519 -0.8874588800424142 -0.4556528529032834 -21.23565673828125 0.9974141765910861 -0.07038373634247569 -0.014528936423522432 185.00376892089844 -0.01917671661581488 -0.45548091715497446 0.8900389809707776 1.0998244285583496
-0.16502532714755447 -0.9719982068888106 -0.16729054726666337 -21.023513793945312 0.9862853270809641 -0.1631166980334452 -0.02518325649040533 186.39344787597656 -0.0028098015300511286 -0.1691520872694245 0.9855859558596393 1.080246925354004
-0.22302744941573815 -0.9664949617021603 -0.12706787875560896 -21.19710350036621 0.9748001946356128 -0.22047585887871246 -0.033984940636486737 187.81414794921875 0.004830874194372441 -0.13144536757160297 0.9913116452450684 1.1034693717956543
-0.2910748858484765 -0.9563449878770032 -0.026070577109666912 -21.28580665588379 0.9565933909049065 -0.2905269601125636 -0.02287290809681799 189.23104858398438 0.014300185500511492 -0.0315966708734881 0.9993983965788436 1.0805602073669434
-0.28775083338744767 -0.9545590817647068 0.07756556778203355 -21.294757843017578 0.9576208234320388 -0.28785598420023684 0.010064337507110034 190.62115478515625 0.012720708084590394 0.07717442439456804 0.9969364532432314 1.062028169631958
-0.3036375244283249 -0.9423525050319101 -0.14062720227296638 -21.32671356201172 0.952677346389081 -0.29803174006100064 -0.05985779475783142 192.0269012451172 0.014495773042405916 -0.15214742250953686 0.9882515036100917 1.1245927810668945
-0.3470618542283451 -0.8964956776043945 -0.2753971121421225 -21.519704818725586 0.9374320369570822 -0.322931612220157 -0.1301397322703025 193.5603485107422 0.027735274040088326 -0.30333261259799943 0.9524810133059837 1.2054643630981445
-0.2829523950001326 -0.9527685659703199 0.11031773140592288 -21.246232986450195 0.9590159290056376 -0.2828442938236916 0.01695739852782565 194.71644592285156 0.015046264557796278 0.1105945981964655 0.99375170177093 1.1150271892547607
0.04103577469063252 -0.35184045092290833 0.9351600730836964 -21.46744155883789 0.9979641560456132 -0.03130064028240348 -0.05556809485738251 196.08546447753906 0.04882221260560732 0.9355365129230802 0.3498397126456868 1.2684154510498047
0.22209591941017642 -0.8291342946283858 0.5130396905234894 -21.640487670898438 0.9613990403721905 0.09856510824329195 -0.2568984324755984 197.17410278320312 0.16243548797224053 0.5502919596978294 0.8190198235324606 1.4401779174804688
-0.39352608610873785 -0.9191328547932459 0.018221273049828422 -22.130680084228516 0.9179112936964192 -0.3917543970516245 0.06298689780648462 198.35211181640625 -0.05075506335829608 0.041512499687880636 0.9978480024097656 1.15826416015625
0.1916218948811052 -0.9804259673949824 -0.045232420450243074 -22.433500289916992 0.9538021946598747 0.1751569946574117 0.24409301646009904 199.7803955078125 -0.23139235697010696 -0.08991634823654901 0.9686963546207978 1.0980682373046875
0.03653750111679638 -0.8114042438371248 -0.5833422358232289 -23.105308532714844 0.9985296637630826 0.006252085312935807 0.05384628134258479 201.32147216796875 -0.040043995771215535 -0.5844519351600637 0.8104396423487263 1.128450870513916
-0.22571523416201805 -0.9722649060233209 0.06126651273451575 -23.183063507080078 0.9741009037904226 -0.22611331135253815 0.000446837635591512 203.1284637451172 0.013418729517647738 0.059780623488329146 0.9981213427001145 1.2516539096832275
-0.29608205712816116 -0.9467991907383964 0.12612179773486612 -23.355730056762695 0.9547236217392236 -0.2973570841303729 0.00903164495661634 204.564453125 0.02895205588375959 0.12308556753169933 0.9919736496124801 1.2658610343933105
-0.26850620045361695 -0.9510630597105939 0.15291656800976472 -23.6156063079834 0.9628871518291092 -0.2695152899232276 0.014485901422565797 205.9049072265625 0.027436347431605224 0.15113095298952345 0.9881329272360527 1.2494168281555176
-0.088280178477888 -0.9434421018957007 0.319567849538301 -23.71344566345215 0.9958962871151007 -0.09001589022454054 0.009366152755536261 207.39146423339844 0.019929761620972902 0.319083280473461 0.9475171052408633 1.2905542850494385
-0.017656726554691526 -0.9995712445116737 0.02335737897874738 -23.30984878540039 0.9998435946007854 -0.017675569280911074 -0.0006004884477591402 208.71141052246094 0.00101308595540083 0.02334312309824227 0.9997269988656239 1.2763501405715942
-0.027888166198511366 -0.9689958036607106 -0.24549823354561692 -23.55196762084961 0.9995463280498079 -0.029826971102417776 0.004182090027937332 210.21473693847656 -0.01137489640526232 -0.24527022706147927 0.9693880169720381 1.251941204071045
-0.14640002574165023 -0.9829444796937892 0.11129771921450499 -23.488096237182617 0.9891683757611651 -0.1466708699571102 0.005794851166633884 211.69227600097656 0.010628116336543737 0.11094055050129831 0.9937702135793799 1.3151636123657227
-0.13806369673648655 -0.8900676517576493 0.4344168400719284 -23.924856185913086 0.9900277895946568 -0.13641991470660075 0.03513662906088205 213.2333526611328 0.027989131350824675 0.43493583683811077 0.9000263475922017 1.3106675148010254
-0.15698167930928486 -0.9828608211756588 0.096650703873002 -24.488191604614258 0.9875462547596344 -0.1572546483972197 0.004834280472446904 214.82020568847656 0.010447347579950111 0.0962059340964824 0.9953066216865871 1.351823091506958
-0.09227480574579644 -0.9953830067479561 -0.026420259309355654 -24.43342399597168 0.995724737117669 -0.09212968223301682 -0.006661046733965496 216.02200317382812 0.004196202631458387 -0.026921952548829148 0.9996287312569772 1.3612618446350098
-0.10111157587305047 -0.9896572595814644 0.10175931299971677 -24.478078842163086 0.9948294359764821 -0.10155655884999554 0.0008115844145883469 217.5263671875 0.00953113525153032 0.10131522053597555 0.9948087170650264 1.3429782390594482
-0.10820083180371737 -0.9828226667897264 0.149506473576612 -24.663999557495117 0.9940628381849748 -0.10869888674324196 0.004860633745992535 219.06105041503906 0.01147404621816113 0.14914475406500344 0.988748799543278 1.366990327835083
-0.05412982016636242 -0.9975477203048825 0.044367874450883596 -25.115522384643555 0.9985224477010596 -0.054288606470679734 -0.0023808915466095246 220.6133575439453 0.004783723010618048 0.044173441364736006 0.9990124238827833 1.385956048965454
-0.13226152474025943 -0.9762576721595595 0.17154546517754393 -25.27996253967285 0.9911045156935356 -0.13283346639328353 0.008192019154437735 222.14730834960938 0.014789457233583561 0.1711029741282793 0.9851421441595083 1.3947412967681885
-0.11310147571420387 -0.9896858802939328 0.08791993254144764 -25.472610473632812 0.9935622204060881 -0.11323374156744243 0.003497706728958057 223.57620239257812 0.006493871956966386 0.08774951918649485 0.9961214040013122 1.3968758583068848
-0.16473617311512934 -0.9858845911562426 0.029892577474524 -25.545011520385742 0.9863140879168699 -0.16486612113533927 -0.001918874279543568 225.25357055664062 0.006820061883530425 0.02916736228176845 0.9995512751897369 1.3891372680664062
-0.17051273205175432 -0.9715764084207478 0.16420928965343806 -25.784282684326172 0.985294973291572 -0.16996467173994345 0.01748788056608294 226.64866638183594 0.010918965821310037 0.16477649395642988 0.9862704919162996 1.376889944076538
-0.17653535091249944 -0.9841600270244782 -0.016257646981630437 -26.167943954467773 0.9842936486391575 -0.1765301600614489 -0.0017651734460436249 228.28810119628906 -0.0011327518775285667 -0.01631391417955514 0.9998662775978229 1.3517990112304688
-0.19760159597922933 -0.9693848274942563 -0.14576235964882112 -26.345458984375 0.980280583023468 -0.19569185214426532 -0.02747139515053036 229.7316436767578 -0.001894152483572914 -0.14831640242494365 0.9889381461740118 1.4522514343261719
-0.1261867479686739 -0.9906742885834344 -0.051394149246744715 -26.286317825317383 0.9920049112018549 -0.12610993311429775 -0.00474772801534799 231.0932159423828 -0.0017778606499807004 -0.05158234881830839 0.9986671620224107 1.4073529243469238
-0.10553010941605717 -0.974008902136412 0.20042468551966558 -26.22480010986328 0.99439888844792 -0.1045487594118612 0.015505081714791785 232.60845947265625 0.005852064608033752 0.2009383374681462 0.9795864116428734 1.4051105976104736
-0.07656936038227491 -0.9181406313880677 0.3887864632995464 -26.327861785888672 0.9969440448418515 -0.07655477828356438 0.015554336254639756 234.03683471679688 0.015482393387890647 0.3887893348797965 0.921196585197051 1.4438376426696777
-0.04553847901216879 -0.9829287272352742 -0.17826206580454015 -26.6362247467041 0.9988267865894331 -0.04774374697489814 0.0080984576447556 235.5323486328125 -0.016471105630323002 -0.1776841349148563 0.9839497196904291 1.3951040506362915
-0.08318097702779448 -0.8272896737949702 -0.555583225712326 -26.776782989501953 0.9959777568859747 -0.08764819937627871 -0.018603788175491576 237.01829528808594 -0.03330514748629687 -0.554896016185292 0.8312527764600899 1.4428198337554932
-0.12780231029018002 -0.9911535378706438 0.03579432707844709 -26.864620208740234 0.9917894745682663 -0.12755416188706575 0.009141877317626687 238.53094482421875 -0.00449528865534226 0.03666878988723979 0.9993173631174985 1.4733741283416748
-0.09683531557862768 -0.8287580675173786 0.5511651178926764 -26.89771270751953 0.9950592049300088 -0.09280344510994376 0.03528029563062829 240.07456970214844 0.021911192136587376 0.5518583025565403 0.8336499946371785 1.4856674671173096
-0.07802719641602696 -0.8894900263254394 0.45024354485880624 -27.32827377319336 0.9967849993550054 -0.07785193878418928 0.01894045111354492 241.49609375 0.01820499053272137 0.4502738818709253 0.8927048838359692 1.4662132263183594
-0.059524185938464313 -0.9953408720951719 -0.075851299429779 -27.784643173217773 0.9981998793962125 -0.05990919991986199 0.002808654188237898 243.06092834472656 -0.0073397589708544125 -0.07554757508871388 0.9971151848389759 1.4815442562103271
-0.1336963661412212 -0.9765368095343312 -0.1688228103816 -27.918922424316406 0.9910050034736932 -0.13274753017113367 -0.016946277572640986 244.61782836914062 -0.005862147280436991 -0.16956990551973872 0.9855007267228619 1.5071982145309448
-0.1103506000401348 -0.992105101961447 -0.059583653235172986 -27.971446990966797 0.9938927143791368 -0.1101441710877406 -0.006747879627441777 245.99481201171875 0.00013181370983919583 -0.059964391412418105 0.9982005081083083 1.4470713138580322
-0.09221601250884315 -0.9953816638705724 -0.026674899572818017 -28.017812728881836 0.99573519005244 -0.09225691705972627 0.00030421352052275967 247.60232543945312 -0.002763752557695868 -0.02653308283795581 0.9996441152664853 1.5042556524276733
-0.037943475209463284 -0.9992798796939459 0.00012135848236534841 -28.415098190307617 0.9992621873448602 -0.03794208002769073 0.005956467572099933 249.08164978027344 -0.005947573605598968 0.0003472780221991964 0.9999822527256075 1.5120117664337158
-0.06847273877463783 -0.9952512512897362 0.06918403609875746 -28.595666885375977 0.9976504391221552 -0.06815097378453655 0.0070032914825659855 250.65814208984375 -0.00225507518069569 0.06950101854241683 0.9975793317112658 1.5520843267440796
-0.08330762724702406 -0.9946340982156417 0.06134207291270481 -28.82872200012207 0.9965237016162435 -0.0831862452976379 0.004534391948332023 252.13145446777344 0.0005927558778963636 0.06150657899800566 0.998106502022921 1.5476925373077393
-0.1766580973121405 -0.9836472039192539 -0.035072708419628534 -28.813186645507812 0.9842711523187246 -0.17659959086311855 -0.004783640888401641 253.82208251953125 -0.0014884109729377641 -0.035366124028695996 0.9993733145846764 1.5066204071044922
-0.1742917390474356 -0.9666356495725711 -0.18771763549340245 -28.94029426574707 0.9846606071014153 -0.17266092703137387 -0.025133505512329915 255.302978515625 -0.008116558537481583 -0.1892187233126782 0.9819014187918396 1.5473463535308838
-0.22579515215216311 -0.9606466994191656 -0.16178525322057363 -29.057592391967773 0.974170444562706 -0.2231554502275344 -0.03454837151367106 256.9021301269531 -0.002914481957697543 -0.16540726685611495 0.9862210410785752 1.5561470985412598
-0.18192731112299798 -0.9455595674509004 0.26985099197450113 -29.19982147216797 0.9832304313087786 -0.17846236801965754 0.037538009392746444 258.4256896972656 0.012663823115849931 0.2721548963419227 0.9621701200833501 1.4552648067474365
-0.1660974046184967 -0.890745096540025 0.4230659820511467 -29.47726821899414 0.9858977864625502 -0.15888889606536255 0.05253449681280223 259.8624267578125 0.020425641415714013 0.4258256588053756 0.904574652240336 1.4759666919708252
-0.1781350610728485 -0.9787499049850142 -0.101570288511934 -29.53282928466797 0.9839955601337346 -0.17765819323347953 -0.01379507209524699 261.5179443359375 -0.004542868440749019 -0.10240209894743674 0.9947327140883067 1.4971704483032227
-0.13842278710729633 -0.8092325415370425 -0.5709481812975207 -29.24629783630371 0.9898953341187573 -0.13095765374586238 -0.05438125058595278 262.87054443359375 -0.0307629566095573 -0.5727065449624941 0.8191830405091165 1.5483640432357788
-0.18864476329567775 -0.9283764175970103 0.32020365477436286 -28.83909034729004 0.9819967622273177 -0.18157129426132163 0.05209821566362541 264.4306945800781 0.009773037203593488 0.32426700780376994 0.9459151100356771 1.4202163219451904
-0.14050184855555153 -0.8579852097563533 0.49408563062673583 -29.29042625427246 0.9899053213349512 -0.1311196336374058 0.05380610065354419 265.99078369140625 0.01861948831788171 0.4966578515579301 0.8677466756724805 1.459986686706543
-0.0656098618290431 -0.9944149007394704 0.08267013498285095 -29.32059097290039 0.997819137048985 -0.06478205146850874 0.012659207966936419 267.3774719238281 -0.007232964094513773 0.08332041163388729 0.9964965595703612 1.4906246662139893
-0.046189646214212565 -0.9989242392370803 0.004108630821351013 -29.501380920410156 0.998820468535407 -0.046122416900810925 0.015178744807711466 268.95941162109375 -0.014972916125983088 0.004804885414664841 0.9998763547853484 1.5016382932662964
-0.03701704287180241 -0.9798077537165983 0.19648537933866983 -29.51479721069336 0.9992965215980263 -0.03510999062917475 0.013181444537868348 270.42572021484375 -0.006016681736038157 0.196835094215572 0.980418148152121 1.5341026782989502
-0.05563259496945183 -0.9967252950541088 0.05868305186563316 -30.10495948791504 0.9983727104024751 -0.054794600353452294 0.015795027563160473 271.8415832519531 -0.012527789133780623 0.059466275916733834 0.9981517001578539 1.5662678480148315
-0.06988587866120988 -0.9875030137104713 0.14125778518894927 -29.51738166809082 0.997539307053133 -0.06838647775524109 0.015447347480630674 273.3910827636719 -0.005594179806376956 0.14198974460491365 0.9898523210960943 1.5647423267364502
-0.0856717666687985 -0.9676008822470061 0.23750553903153962 -30.15428924560547 0.9963229406095204 -0.082969173964351 0.021370872393778384 274.9485168457031 -0.0009728365972033748 0.23846309745218125 0.9711510720492803 1.572066068649292
-0.12024029685047177 -0.966571746398075 0.2264538144485222 -29.89826202392578 0.9927441676977644 -0.11680933825384654 0.028541128197241958 276.5723571777344 -0.0011351279149882654 0.22824249727356588 0.9736036534046812 1.5548202991485596
-0.12306718538359923 -0.9915433041345217 0.041186695761542075 -30.854339599609375 0.9923720329896016 -0.12265569799374904 0.01238256394092031 278.1404724121094 -0.007226065446948978 0.04239641229704723 0.9990747360445538 1.6360355615615845
-0.1281174556539907 -0.9467007548614705 -0.29553950379174376 -31.036529541015625 0.9915819465260229 -0.12790552707258318 -0.020135030865349596 279.6558532714844 -0.018739287083867212 -0.2956312853691353 0.9551183079758139 1.6718952655792236
-0.15055118355594377 -0.9878689674892053 -0.038068940118097826 -31.44119644165039 0.9885824455858091 -0.15068004355513998 0.0005222583662665842 281.3351135253906 -0.006252152388139365 -0.037555659307645456 0.9992749786942946 1.6691290140151978
-0.122458168008375 -0.7437098207005529 0.6571907635394642 -31.31296157836914 0.992218220446239 -0.10676339650730976 0.06406699759409307 282.7650146484375 0.02251666277517983 0.6599221770480018 0.750996484770531 1.5723023414611816
-0.13076198921126547 -0.7043674640946127 0.6976874498673729 -31.55954360961914 0.9910047244818141 -0.11307749297747827 0.07157595012748796 284.3412170410156 0.02847697723139131 0.7007709726485918 0.7128177226057936 1.5807609558105469
-0.09035939503360452 -0.9847667606292815 0.14855842920841933 -31.92380714416504 0.9958867673479969 -0.090348122962637 0.006838369563397825 285.81756591796875 0.006687776186325309 0.14856528476343372 0.9888799875681791 1.6666781902313232
-0.12561227631216565 -0.9917034448409536 0.027309952952395602 -32.17304229736328 0.9920630391963343 -0.1257207449302975 -0.0022848533221147167 287.28912353515625 0.005699324539684015 0.02680618929943224 0.9996244024207463 1.6779935359954834
-0.09845006000950707 -0.96115930143559 0.25783790052661537 -32.452327728271484 0.9950431974309212 -0.09872951888404158 0.011896106395545558 288.9481201171875 0.014022158556118075 0.2577310213474001 0.9661149515997839 1.713796615600586
-0.09510710651116461 -0.9770109361603698 0.19079902755022624 -32.510467529296875 0.9954216958968829 -0.09516905102623019 0.008859969782146121 290.397705078125 0.009501875017475403 0.19076813766927855 0.9815891360550745 1.7319111824035645
-0.10523442627998247 -0.9938646880289156 -0.03403964475004668 -32.49567413330078 0.9944455612478217 -0.1051059813559081 -0.005546025398129106 291.99761962890625 0.0019342285356518801 -0.03443420642904296 0.9994050951378896 1.7682912349700928
-0.11721363819770236 -0.9925116379512097 -0.03437457711543665 -32.649192810058594 0.9931039937122151 -0.11706193296054923 -0.006400119091749992 293.5770263671875 0.0023282382410011147 -0.03488771105915125 0.99938852651196 1.7423179149627686
-0.1265764268623144 -0.9836632870360704 -0.128003694869184 -33.330299377441406 0.9919511727606061 -0.1259543155277998 -0.012976180438880984 295.24163818359375 -0.003358425468594585 -0.128615893797452 0.9916887983843797 1.799699306488037
-0.04558089699141227 -0.9250957076396388 -0.3769884793149171 -33.324405670166016 0.9986638660748676 -0.051396353713838494 0.005375632178679007 296.7764892578125 -0.024348807483257046 -0.3762397460817203 0.9262023477850321 1.762768268585205
-0.06421746044231202 -0.9931152707043873 -0.09797028563851318 -33.37540817260742 0.9976829591883951 -0.06610140426793398 0.016103331919037275 298.2941589355469 -0.022468438295253627 -0.09670916940786393 0.9950590464052944 1.7062761783599854
-0.08845317974202038 -0.9781671138947599 0.18805619449601155 -33.3365478515625 0.9960670417913025 -0.08588589991539253 0.021772929358419846 300.0430908203125 -0.005146187972605992 0.18924246217622268 0.9819169044572109 1.839020013809204
-0.13330194783921856 -0.9794711452208731 0.15121794332016852 -33.59629821777344 0.9910752598049581 -0.13184089664320653 0.019692825466400776 301.53070068359375 0.0006481549236622558 0.15249345445633644 0.9883042680486451 1.8887135982513428
-0.1604476316799504 -0.9311292146836178 0.3274980046518823 -33.7728271484375 0.9869822213392366 -0.15507172449595502 0.04264803655640814 303.15399169921875 0.011074847563785128 0.33007748457675806 0.9438888715981977 1.8281025886535645
-0.15397372619498134 -0.8174061781007572 0.5551029018518513 -34.01770782470703 0.9878274110158166 -0.1399206785745412 0.06796476846888336 304.6935119628906 0.022115553066155202 0.5588106510348143 0.8290003369134569 1.8061513900756836
-0.11182437070865298 -0.9364953217946467 0.332373016913761 -33.79433059692383 0.9936347951427228 -0.1099546186866171 0.024492360261113788 306.0578308105469 0.013608967532230898 0.33299623734544226 0.9428299432646827 1.8675637245178223
-0.08649451215778048 -0.949093984491131 0.3028849748160779 -34.23622512817383 0.9959916746207085 -0.08933277714595023 0.004498779126459934 307.6874084472656 0.022787791749624003 0.3020600329903653 0.9530165019647012 1.9243760108947754
-0.07413707398183661 -0.9943082060103389 -0.07651722500138981 -34.35739517211914 0.9972437205181525 -0.07369183056256651 -0.008629947592595465 309.1005859375 0.002942133328836638 -0.0769461212072422 0.9970309113977538 1.8816850185394287
-0.03190652043746167 -0.7058030520699599 -0.7076892154345038 -34.473976135253906 0.9986109941981052 -0.052214424342046595 0.007052386638635499 310.4222717285156 -0.04192918101091353 -0.7064812138899084 0.7064886681330393 1.7835307121276855
-0.12392979609070948 -0.6875897232944487 -0.7154451607641067 -34.72197341918945 0.9916319397776548 -0.11209141676664341 -0.064043815470754 312.6917419433594 -0.03615939233063126 -0.7173952095652089 0.6957273975050641 2.0773823261260986
-0.13725734422472707 -0.979846297635569 -0.14512633967079408 -34.502620697021484 0.9904349957112212 -0.1378486572554462 -0.006022205856981322 314.1893615722656 -0.014104634943454361 -0.144564797591732 0.989394804196168 2.0116593837738037
-0.1370773346064773 -0.9655564865610853 0.22115712875011911 -34.86881637573242 0.9905577835000507 -0.13412496610076152 0.028386106036872125 315.8778991699219 0.00225430358443883 0.22296000701534457 0.9748249860293215 1.9625561237335205
-0.12815519142260956 -0.990116277830632 0.0569737069730297 -35.12932205200195 0.9917520364652335 -0.12782534554548253 0.00941165252440146 317.5008544921875 -0.0020359465848610626 0.05770994204634343 0.9983313165029489 1.97078275680542
-0.10491832880663499 -0.9930532239815638 -0.05326761323961478 -35.37601089477539 0.994423090466258 -0.10533887169660316 0.005141911825691403 319.2321472167969 -0.010717342392563837 -0.052431063783876464 0.9985670343660119 2.022801399230957
-0.11020385473685756 -0.9872361394668466 0.11497789062134742 -35.22955322265625 0.9938991510766503 -0.10894775961913172 0.017171580098696897 320.7789306640625 -0.004425820856253891 0.11616880219994025 0.9932196240032612 1.9853763580322266
-0.06425083337218801 -0.9663135670958598 0.24921861980489085 -35.58012390136719 0.9979337288821144 -0.062295379834875486 0.015733989025903672 322.32879638671875 0.0003212015224010045 0.24971458847593186 0.9683194313509762 2.010637044906616
-0.08219166506166431 -0.9423593153395871 0.3243508146854203 -35.4713020324707 0.9966089977862169 -0.07898269988205908 0.023070298023496166 324.0380859375 0.003877592802697838 0.32514712656279965 0.9456554924294636 2.013892650604248
-0.12817647686402223 -0.8967090225802009 -0.42365518951381614 -36.181209564208984 0.9913135261456333 -0.12853401890908522 -0.02786572919896274 325.7852783203125 -0.029466653346414462 -0.4235468507808075 0.9053948208015234 2.073570728302002
-0.12197313160158602 -0.9593663417824956 -0.2544381603104658 -36.236854553222656 0.9923112412036972 -0.12329444174462761 -0.010811161623935597 327.4669189453125 -0.020998946356434553 -0.25380051790678587 0.9670286145519 2.039754629135132
-0.1435200586396938 -0.871870237815182 0.4682352839974328 -36.69154357910156 0.9895143228741013 -0.13418190348152764 0.0534473722935237 328.95147705078125 0.016229528491838174 0.47099628999618637 0.8819858826618261 1.9496893882751465
-0.0855111286148108 -0.9943771937703249 0.06246473719207708 -36.35881042480469 0.9963159097581175 -0.08493108194398247 0.011887778710897415 330.4179992675781 -0.006515738321635153 0.06325114883761795 0.9979763711255119 1.9999465942382812
-0.045767489348431556 -0.9144344472821353 0.40213800932336247 -36.73036575317383 0.9988637527560518 -0.04724592651472903 0.006247067941166362 332.08612060546875 0.01328684871735658 0.4019669937340383 0.9155577511001595 2.111989974975586
-0.053856460664927774 -0.33565192938608474 0.9404452477119791 -36.85325622558594 0.9972373907201113 -0.06633010597559141 0.03343506529095902 333.66229248046875 0.0511572887709168 0.9396478592220947 0.3382969589945252 2.099026679992676
-0.05995147750721125 -0.969204802977349 -0.23884695985157647 -37.449886322021484 0.9980985183553674 -0.06163747906277478 -0.00041089123414615736 335.24786376953125 -0.014323686729423218 -0.23841743027812423 0.9710571357742308 1.9649769067764282
-0.06368159964511372 -0.6181117214098758 -0.7835065754174368 -37.50313949584961 0.9972648099918188 -0.0689293134809324 -0.026676740712256952 336.77978515625 -0.03751736422806223 -0.7830623535828851 0.6208105973504411 1.9407095909118652
-0.08463838346959218 -0.8638511100928794 -0.4965859478830973 -37.84731674194336 0.9958100018269287 -0.0906515323688003 -0.012030791355539222 338.4214782714844 -0.034623464660637565 -0.4955235204008871 0.8679041746785212 1.8662281036376953
-0.11431047175599557 -0.8555946464103492 0.5048672271804451 -37.98460006713867 0.9932468902013916 -0.10857965684012633 0.0408787625270739 340.1783752441406 0.019842659907034377 0.5061306739908478 0.8622285136165377 1.9275240898132324
-0.12712929312861176 -0.7896953993604279 0.6001827380536646 -38.44156265258789 0.9912731166772921 -0.12242282053512421 0.048890297249171266 341.6486511230469 0.03486762081798894 0.6011604022565019 0.7983673463871714 2.0055394172668457
-0.13481561631906802 -0.9365409912988759 -0.32359808592361816 -38.775203704833984 0.9907529721533371 -0.13244266217607759 -0.029453173089548007 343.45745849609375 -0.015274088052624452 -0.32457651309457514 0.9457361098009996 2.0224995613098145
-0.15404342864620663 -0.9791496422035473 -0.13242582929166946 -38.54147720336914 0.9880196600121736 -0.15391758798651928 -0.011248446018944001 345.0466613769531 -0.009368752336893368 -0.1325720720252853 0.9911290895733877 1.9885475635528564
-0.12573092269630531 -0.9441155079796896 0.30469270202974785 -38.70238494873047 0.9920111044640921 -0.12283054971992385 0.028751081291554903 346.51116943359375 0.010281230367421179 0.30587344384198234 0.9520166661641896 1.9722847938537598
-0.13412957528939567 -0.9461001849767626 0.2947943300330278 -38.61991500854492 0.9909111676960972 -0.13111639451656215 0.030059088877314122 348.0013732910156 0.01021346013079627 0.2961468066279166 0.9550878253628008 1.9357099533081055
-0.11915860870413147 -0.9909753134155377 0.06139343753751205 -39.01799392700195 0.9928645437844426 -0.11864240414852795 0.011999068029150666 349.5603942871094 -0.004606915172489033 0.062385159604140386 0.9980415162676146 1.9698545932769775
-0.1304119122391395 -0.9816161692496232 0.139364376416021 -38.94447708129883 0.9914598056069535 -0.12917841319989576 0.0178994812488893 351.1871032714844 0.0004324487869244026 0.14050848312771874 0.9900793802302897 1.911928415298462
-0.1302563071246166 -0.9625374109490888 0.23781300842822467 -39.12628936767578 0.9914520823156449 -0.1282616671589612 0.023910525079469225 352.75384521484375 0.007487518028666637 0.2388946991061735 0.9710166115019565 1.7994561195373535
-0.12222324920999666 -0.9496381935648237 0.28852864446271054 -39.30384063720703 0.9924487081145803 -0.11996866687168978 0.02555544424834022 354.2226257324219 0.010345970918746783 0.28947334988210516 0.9571301586481227 1.911975383758545
-0.12719941085070474 -0.9918680260793005 0.004257783553197317 -39.67970275878906 0.9918558317753763 -0.12716734951636177 0.0071045189956984375 355.87481689453125 -0.006505294183231843 0.005126798078306523 0.999965697956212 1.937746286392212
-0.10778066861487312 -0.9369833188822421 0.3323335487268011 -39.830101013183594 0.9941040337047973 -0.10555870978001225 0.024789694661897343 357.3468322753906 0.011853170241832023 0.33304597119016066 0.9428360851331585 1.9748706817626953
-0.15202264154250983 -0.9137395671481476 0.376787897744014 -40.09988021850586 0.9882500882140788 -0.14663378029574953 0.04313116762903266 359.1108093261719 0.01583917937594656 0.37891758721929736 0.9252948624587749 1.9113578796386719
-0.14305441849961426 -0.9437049396447434 -0.2982556290128454 -40.3492546081543 0.9894854356783287 -0.14286031381843384 -0.022572180137651915 360.686279296875 -0.021307414864436353 -0.2983486511211497 0.9542190924761385 2.028228759765625
-0.15271121998069498 -0.9658444977386109 -0.20934108407108876 -40.342647552490234 0.9881394163696637 -0.15268060891682372 -0.016405044267193455 362.085693359375 -0.01611760244665468 -0.20936341096007877 0.9777050603543653 2.0309410095214844
-0.13224583330587675 -0.949093188830921 0.2858901161075496 -40.70328903198242 0.9911785373833145 -0.12916001527920545 0.02971190811356844 363.75335693359375 0.008726202146866924 0.28729742318341345 0.9578016725962966 1.98321533203125
-0.09412874608744098 -0.9430497578216696 0.3190563170233379 -40.563941955566406 0.9955196960313938 -0.09204524530825547 0.021638105963888765 365.0496520996094 0.008961806378596754 0.31966361552205735 0.9474887117732849 2.035165786743164
-0.06561993455496268 -0.9694794432919628 -0.23622792642553514 -41.061973571777344 0.9974631912141644 -0.0702759204687296 0.011334777242099525 366.70098876953125 -0.027589968500482898 -0.23488487400549746 0.9716315606244808 1.9281537532806396
-0.08782700789152303 -0.9959142717298873 -0.02100428645658483 -40.967987060546875 0.9960302304818011 -0.088105071445504 0.012699462663938257 368.2662658691406 -0.014498160269236204 -0.019805548472854154 0.9996987264163624 2.0788145065307617
-0.1052271041947242 -0.987617851020141 0.11635392941001801 -41.31858825683594 0.9944391969641717 -0.1040050604092489 0.016541794053915843 369.99639892578125 -0.004235573638403704 0.11744755321260328 0.9930700540044124 2.0707318782806396
-0.11761843838821984 -0.9639624978286434 0.23862566025278809 -41.51102828979492 0.9930513653065005 -0.11510506533747977 0.02449101460841624 371.51708984375 0.00385860259830971 0.23984813260398136 0.9708027526085673 1.9288532733917236
-0.10984648109173406 -0.987621347051884 0.11197243160343473 -41.96714782714844 0.9939439448693259 -0.10880322169032869 0.015404330800402447 373.14251708984375 -0.003030684636572613 0.11298643191652587 0.9935919087600333 2.1050093173980713
-0.10519418357593852 -0.9912329309497787 0.07994660932461936 -42.170223236083984 0.9944396966982694 -0.1044574399227372 0.013354133271845765 374.9201965332031 -0.0048860385227926725 0.08090685907572556 0.9967096903221393 2.0944125652313232
-0.08610365520755392 -0.9959559253453821 0.025650639939824457 -42.42303466796875 0.996236347505988 -0.08581329020406969 0.012215528325898856 376.4329528808594 -0.009964962008327062 0.026605901483993232 0.9995963312949868 2.1379010677337646
-0.0809710085482957 -0.9889859092689819 -0.12389740530808825 -42.42397689819336 0.9965438699913212 -0.08264224124622305 0.008400901411254103 378.04888916015625 -0.018547532380140327 -0.12278897030762148 0.9922594710121952 2.1073126792907715
-0.09068696589028341 -0.9804578815684114 0.17458011538545262 -42.66893005371094 0.9958793442341026 -0.08936251855407146 0.015449013092346336 379.631591796875 0.00045381215145989806 0.17526175494972263 0.9845217678174896 1.9605414867401123
-0.09634961986233231 -0.9728570303760257 0.21039474613289472 -42.831390380859375 0.9953455816662832 -0.09459301921843116 0.018421014427827717 381.1544189453125 0.001980860871635473 0.21119033870677578 0.9774429482210842 2.1119918823242188
-0.09662798567727543 -0.9945155321937937 0.04002360065320271 -43.015254974365234 0.995290955069136 -0.09623677291338423 0.011593027938568692 382.884033203125 -0.007677704182824915 0.04095533865703609 0.9991314793829529 2.1461081504821777
-0.08218828590008115 -0.9847720567478501 -0.15319622028436342 -43.33487319946289 0.9964440637656867 -0.08405939633798637 0.005765906122808209 384.4300231933594 -0.018555685029937638 -0.15217757435280005 0.9881789678075361 2.1570756435394287
-0.0838800963971284 -0.9949643712585942 -0.054863734419001595 -43.57194519042969 0.9963902389301106 -0.08446738793173764 0.008470663538729797 386.11077880859375 -0.013062204760509025 -0.05395516937217083 0.9984579202474257 2.1603426933288574
-0.09717678038875105 -0.9700888376271377 0.22245071468643274 -43.740413665771484 0.9952631161997119 -0.0953533149785199 0.01894927056763336 387.7364807128906 0.002828937205854712 0.22323842060415006 0.9747597676763489 2.2508811950683594
-0.10756492068478601 -0.9941483516877262 -0.009941965331492877 -43.832984924316406 0.9941527422433395 -0.10765012088996856 0.008472104958223583 389.3834228515625 -0.009492782949362474 -0.008972530799727355 0.9999146867422861 2.1943912506103516
